"n" <- 100
"Y" <- 20
"a" <- 
1
"b" <-
1
