"p" <- 0.5
"theta" <- 0.01
"pc" <- 10
"thetac" <- 0.01