"p" <- 0.5
"theta" <- 0.01